100
94
92
100
28
24
46
23
75
91
42
33
87
68
99
31
42
99
34
24
75
27
85
79
57
34
91
86
40
51
43
24
62
90
62
60
20
22
36
98
31
71
60
36
62
84
66
75
25
41
68
60
64
56
54
20
63
79
41
45
26
42
50
20
88
64
82
63
72
44
97
42
80
89
77
57
81
62
97
86
55
96
95
50
96
93
26
21
76
61
62
26
91
57
96
95
85
76
92
73
42
74
73
73
73
72
72
70
70
67
67
66
65
65
64
63
62
62
62
62
62
61
61
61
61
61
60
58
57
57
53
53
53
52
52
50
50
49
48
48
47
46
44
44
43
43
42
41
40
40
39
36
34
34
34
34
33
30
30
29
28
28
27
27
25
24
24
23
22
22
21
21
20
19
18
15
14
13
13
13
13
13
12
12
11
11
11
10
8
7
7
6
6
5
4
3
3
3
3
2
2
