1000
99
40
45
43
46
85
94
23
89
43
29
72
91
31
78
93
25
86
88
43
29
77
62
31
70
95
86
91
37
77
26
30
64
37
92
20
47
25
51
81
36
46
44
67
33
98
89
53
47
20
88
24
75
57
57
66
57
34
66
26
20
71
30
37
97
25
57
65
98
91
54
85
28
49
50
30
39
37
46
57
44
43
27
52
48
55
96
24
68
30
74
80
79
30
51
35
48
84
53
63
31
23
77
41
88
55
56
50
23
22
81
20
43
59
98
37
63
80
26
86
71
22
62
81
32
82
51
73
68
26
52
55
99
24
99
66
23
22
51
81
73
31
80
95
93
99
54
34
69
93
54
23
39
89
57
66
74
75
93
49
23
65
29
60
80
48
63
47
35
92
97
95
94
24
72
22
81
88
80
34
78
94
46
54
70
37
35
66
83
37
36
45
82
32
70
51
25
74
25
52
96
72
33
87
45
24
65
89
57
51
99
64
56
84
30
89
30
71
79
41
52
48
67
65
29
79
63
58
63
77
38
28
24
65
24
25
69
33
49
69
60
90
77
25
45
49
50
98
64
54
54
75
95
22
99
45
64
40
24
96
54
55
30
52
77
21
51
98
91
67
90
81
37
44
86
95
32
41
58
78
31
31
22
55
93
46
43
44
23
35
92
52
53
54
21
47
70
56
51
80
43
64
21
32
77
47
38
86
40
67
44
89
61
74
23
45
59
84
49
52
84
24
32
27
31
85
33
92
40
41
69
87
24
51
57
47
50
20
100
21
29
71
75
49
68
81
22
53
88
68
73
44
53
22
96
79
70
95
76
42
93
31
21
26
63
100
81
64
95
53
22
22
62
42
42
37
40
91
53
73
46
83
93
66
92
97
73
42
67
48
53
83
55
24
87
91
44
80
70
65
33
34
25
60
40
72
37
34
82
84
21
77
71
30
89
88
77
72
61
99
56
81
92
38
29
20
49
84
57
49
34
59
47
79
89
43
89
100
30
37
89
76
91
53
34
78
22
33
52
57
74
64
76
67
62
28
56
88
85
88
24
51
89
66
72
58
77
20
24
27
85
91
76
45
65
63
22
86
39
34
34
94
72
55
59
92
22
66
80
76
99
27
74
34
27
91
88
57
84
95
86
24
62
72
26
32
96
82
82
42
99
64
36
85
80
41
59
71
22
91
85
48
23
86
82
27
33
95
61
36
40
49
34
99
37
55
53
91
76
39
50
73
43
49
25
32
50
20
94
86
63
87
34
42
80
54
29
27
29
98
97
39
62
79
87
62
74
88
91
77
36
90
28
84
82
24
80
62
72
79
47
66
54
82
90
25
40
43
30
72
81
92
52
49
31
28
43
71
47
93
65
89
69
44
76
86
57
78
38
99
36
79
26
60
42
84
23
64
99
70
46
30
85
23
99
73
45
57
72
78
21
33
91
25
57
89
33
62
32
32
80
63
48
61
34
99
93
90
42
69
33
46
89
70
99
35
35
96
56
84
39
50
62
80
63
65
44
89
39
33
49
21
79
61
31
35
42
88
73
81
25
63
100
98
25
86
50
50
69
99
71
47
86
57
83
70
28
42
39
77
49
56
51
36
56
24
64
100
59
81
22
66
57
46
23
47
74
65
36
51
95
76
45
70
67
47
23
77
94
94
26
21
72
21
44
89
33
43
83
61
78
48
68
88
70
77
97
26
77
29
82
67
86
87
21
63
96
75
75
72
55
97
76
70
73
54
33
84
79
57
41
98
96
49
81
30
26
40
52
82
83
48
62
74
45
24
53
91
47
66
77
73
69
67
97
93
97
58
87
37
59
21
94
35
33
55
43
31
23
20
97
67
28
47
79
60
79
75
30
22
63
56
24
79
64
99
27
79
30
71
26
36
53
95
48
89
78
41
91
67
91
88
89
69
99
37
25
26
47
44
23
27
21
73
79
48
85
29
35
64
37
62
86
54
30
69
79
80
65
58
92
24
82
64
34
61
76
22
59
98
78
51
33
81
52
40
57
64
44
95
57
20
92
57
37
69
22
31
29
28
26
60
45
39
74
45
52
99
80
98
41
30
60
35
68
71
59
36
37
39
59
45
23
81
65
45
52
41
61
28
79
28
72
47
35
29
77
28
57
90
89
66
57
34
22
29
71
86
93
55
38
26
30
62
73
45
42
33
53
36
66
72
52
67
67
75
64
44
78
36
71
75
22
36
95
41
30
62
80
100
94
48
84
27
96
25
56
64
67
76
73
65
52
61
66
72
67
24
24
98
75
75
75
75
75
75
75
75
74
74
74
74
74
74
74
74
74
74
74
74
74
73
73
73
73
73
73
73
73
73
73
73
73
73
72
72
72
72
72
72
72
72
72
72
71
71
71
71
71
71
71
71
71
71
71
71
71
71
71
71
71
71
71
70
70
70
70
70
70
70
70
70
70
70
70
69
69
69
69
69
69
69
69
69
69
69
68
68
68
68
68
68
68
68
68
68
68
68
68
68
68
68
68
68
68
67
67
67
67
67
67
67
67
67
67
67
67
67
66
66
66
66
66
66
66
66
66
66
66
66
66
66
65
65
65
65
65
65
65
64
64
64
64
64
64
63
63
63
63
63
63
62
62
62
62
62
62
62
62
62
62
62
62
62
62
62
62
62
62
61
61
61
61
61
61
61
61
61
61
61
61
61
61
60
60
60
60
60
60
60
60
60
60
59
59
59
59
59
59
59
59
59
59
59
59
59
59
58
58
58
58
58
58
58
58
58
58
58
58
58
58
57
57
57
57
57
57
57
57
57
57
57
57
57
57
56
56
56
56
56
56
56
56
56
56
56
56
56
56
56
55
55
55
55
55
55
55
54
54
54
54
54
54
54
54
54
54
54
54
53
53
53
53
53
53
53
53
53
53
53
53
53
53
53
53
53
53
52
52
52
52
52
52
52
52
51
51
51
51
51
51
51
51
51
51
51
51
51
51
51
51
50
50
50
50
50
50
50
50
50
50
50
50
49
49
49
49
49
49
49
49
49
49
49
49
49
49
49
48
48
48
48
48
48
48
48
48
48
48
48
48
47
47
47
47
47
47
47
47
47
47
47
47
47
47
47
47
47
46
46
46
46
46
46
46
46
46
46
45
45
45
45
45
45
45
45
45
45
45
45
45
45
45
45
45
44
44
44
44
44
44
44
44
44
44
44
44
44
44
44
44
44
43
43
43
43
43
43
43
43
43
43
43
43
43
42
42
42
42
42
42
42
42
42
42
42
42
42
42
42
41
41
41
41
41
41
41
41
41
41
41
41
41
41
41
40
40
40
40
40
40
40
40
39
39
39
39
39
39
39
39
39
39
39
39
39
39
39
39
39
38
38
38
38
38
38
38
38
38
38
37
37
37
37
37
37
37
37
37
37
36
36
36
36
36
36
36
36
36
36
36
36
36
36
36
36
36
36
36
35
35
35
35
35
35
35
35
34
34
34
34
34
34
34
34
34
34
34
34
34
34
34
34
34
34
34
33
33
33
33
33
33
33
33
33
33
33
33
33
33
32
32
32
32
32
32
32
32
32
32
31
31
31
31
31
31
31
31
31
31
31
31
31
31
31
31
30
30
30
30
30
30
30
29
29
29
29
29
29
29
29
29
29
29
28
28
28
28
28
28
28
28
28
28
28
28
28
28
28
27
27
27
27
27
27
27
27
27
27
26
26
26
26
26
26
26
26
26
26
26
26
26
26
25
25
25
25
25
25
25
25
25
24
24
24
24
24
24
24
24
24
24
24
24
24
24
24
24
24
23
23
23
23
23
23
23
23
23
23
23
23
23
23
23
23
23
23
23
23
23
22
22
22
22
22
22
22
22
22
21
21
21
21
21
21
21
21
21
21
21
21
21
21
21
21
21
21
21
21
21
20
20
20
20
20
20
20
20
20
20
20
20
20
20
20
20
20
20
20
19
19
19
19
19
19
19
19
19
19
19
19
19
19
19
19
18
18
18
18
18
18
18
18
18
18
18
17
17
17
17
17
17
17
16
16
16
16
16
16
16
16
16
16
16
16
16
16
16
16
16
15
15
15
15
15
15
15
15
15
15
15
15
15
15
15
15
15
14
14
14
14
14
14
14
14
14
14
14
14
14
14
13
13
13
13
13
13
13
13
13
13
13
13
13
13
13
13
13
13
13
13
13
13
12
12
12
12
12
12
12
12
12
12
12
12
12
12
11
11
11
11
11
11
11
11
11
11
11
11
11
11
11
11
11
11
10
10
10
10
10
10
10
10
10
10
10
10
10
10
10
10
10
10
10
10
9
9
9
9
9
9
9
9
9
8
8
8
8
8
8
8
8
8
8
8
8
7
7
7
7
7
7
7
7
7
7
7
7
6
6
6
6
6
6
5
5
5
5
5
5
5
5
5
5
5
5
5
5
5
4
4
4
4
4
4
4
4
4
4
4
4
4
3
3
3
3
3
3
3
3
3
3
3
3
3
3
3
3
2
2
2
2
2
2
2
2
2
2
2
2
1
1
1
1
1
1
1
1
1
1
