500
93
59
82
84
87
32
73
56
43
25
69
78
51
22
71
69
21
30
77
88
76
94
59
79
29
90
34
57
39
61
40
39
20
61
45
90
84
94
44
24
75
40
24
100
32
23
90
76
91
50
88
82
37
70
84
78
30
57
72
80
28
62
36
48
93
65
46
67
68
66
57
35
30
41
76
52
41
43
37
78
51
28
35
76
22
51
75
91
53
39
46
65
83
79
96
98
66
97
52
50
32
100
50
25
66
36
81
55
50
26
21
94
42
38
34
46
67
53
83
55
93
64
78
49
30
70
20
75
94
50
57
78
42
44
48
39
100
67
25
91
80
83
79
91
55
48
81
38
58
91
76
40
71
70
46
45
62
39
65
63
64
67
57
81
72
57
68
81
57
30
20
87
61
65
27
55
31
76
68
97
23
71
95
50
30
20
75
28
26
47
75
72
28
30
81
57
93
68
57
80
47
98
72
56
69
71
90
99
45
94
71
88
85
68
45
78
22
89
32
30
50
81
82
60
25
27
67
73
92
70
61
69
98
30
80
98
32
58
70
91
100
66
95
39
63
24
45
48
97
86
25
52
86
59
34
87
72
57
37
57
36
91
20
58
50
25
77
27
50
40
45
52
99
43
25
82
47
78
54
89
92
84
47
32
44
87
85
37
83
69
38
36
27
41
97
31
32
97
34
25
32
97
33
93
50
34
20
44
54
91
94
73
71
47
63
43
72
97
68
33
44
98
70
31
98
65
30
91
31
31
88
28
45
55
52
34
56
54
73
71
45
81
98
21
25
72
56
74
67
65
65
20
50
100
34
62
76
94
40
41
45
31
93
38
42
90
96
63
84
30
46
91
97
43
45
33
22
33
80
78
55
94
77
75
21
92
82
26
62
26
21
80
76
76
85
32
28
75
88
53
24
79
81
34
38
32
40
27
26
31
47
62
76
63
98
55
99
61
48
50
68
86
93
34
87
52
78
38
46
89
42
97
31
93
49
30
31
63
54
80
93
53
32
88
43
96
27
61
56
80
85
100
99
59
55
61
52
52
46
50
52
41
68
73
50
65
59
93
88
60
20
65
48
62
93
90
81
97
60
23
32
83
42
37
34
32
88
42
87
86
31
60
89
95
89
29
94
99
23
26
75
75
75
74
74
74
74
73
73
73
73
73
73
73
72
72
72
72
72
72
72
72
71
71
71
71
71
70
70
70
70
70
70
70
69
69
69
69
69
69
69
69
68
68
68
68
68
67
67
67
67
67
67
67
66
66
66
66
65
65
65
65
65
65
65
65
64
64
64
64
64
63
63
63
63
63
63
62
62
62
62
62
62
62
61
61
61
61
61
61
61
61
61
61
60
60
60
60
60
59
59
59
59
58
58
58
58
58
58
58
58
58
58
57
57
56
56
56
56
56
56
56
56
55
55
55
55
55
55
55
54
54
54
54
54
54
54
54
54
53
53
53
53
53
53
53
53
53
52
52
52
52
52
52
52
52
52
52
51
51
51
51
51
51
51
51
51
51
50
50
50
50
50
49
49
49
49
49
49
49
48
48
48
48
48
47
47
47
47
47
47
47
47
47
47
47
46
46
46
45
45
45
45
45
44
44
44
44
44
44
44
44
44
43
43
43
43
43
43
43
43
42
42
42
42
42
42
42
42
42
41
41
41
41
41
41
41
40
40
39
39
39
39
39
39
39
39
39
38
38
38
38
38
37
37
37
37
37
37
36
36
36
36
36
36
36
36
36
36
36
35
35
35
35
35
35
35
35
35
35
35
35
35
34
34
34
34
34
33
33
33
33
33
33
33
33
32
32
32
32
31
31
31
31
30
30
30
29
29
29
29
29
29
29
28
28
28
27
27
27
27
27
27
27
27
27
27
27
27
27
26
26
26
26
25
25
25
25
25
25
25
25
24
24
24
24
24
24
24
24
24
24
23
23
23
23
23
23
22
22
22
22
22
22
22
22
21
21
21
21
21
21
21
21
20
20
20
20
20
20
20
20
20
20
20
19
19
19
19
19
19
19
18
18
18
18
18
17
17
17
17
17
17
17
17
17
16
16
15
15
15
15
15
15
15
15
14
14
14
14
14
14
14
14
14
13
13
13
13
13
13
13
13
13
13
12
12
12
12
12
12
11
11
11
11
11
11
10
10
10
10
10
10
10
10
10
10
9
9
9
9
9
9
8
8
8
7
7
7
7
7
7
7
6
6
6
6
6
6
6
6
6
5
5
5
5
5
5
4
4
4
4
4
3
2
2
2
2
2
2
